axes.labelsize : 16
axes.prop_cycle : cycler(color=[[0.22352941, 0.23137255, 0.4745098 , 1.],[0.61176471, 0.61960784, 0.87058824, 1.],[0.70980392, 0.81176471, 0.41960784, 1.],[0.90588235, 0.72941176, 0.32156863, 1.],[0.67843137, 0.28627451, 0.29019608, 1.],[0.48235294, 0.25490196, 0.45098039, 1.],[0.87058824, 0.61960784, 0.83921569, 1.]])
lines.linewidth : 3
xtick.labelsize : 10
ytick.labelsize : 10
text.usetex : True
font.family : sans-serif
figure.dpi : 200